acc: 0.9326143150013371
precision: 0.8077166350411132
recall: 0.7385772122614228
F1-score: 0.7716012084592144
