acc: 0.8844816828594348
precision: 0.6097313735428281
recall: 0.6957779063042221
F1-score: 0.6499189627228524
