acc: 0.8963365718869775
precision: 0.6609783845278726
recall: 0.6720647773279352
F1-score: 0.6664754803556066
