acc: 0.8154024422854087
precision: 0.43463302752293576
recall: 0.6576055523423945
F1-score: 0.5233601841196778
